6336 3604
5591 8234
6217 6943
1186 8638
1184 2549
9913 6501
1519 7913
4666 74
2365 7356
4825 2233
1583 6875
7459 2763
6878 3574
1688 2550
6517 3721
2048 2566
3518 1919
8596 1689
4030 127
3823 1258
6861 9345
8994 1040
2542 8671
5446 791
7168 6127
9600 3972
8363 3144
3953 5329
8128 9962
148 2042
107 2290
4404 8912
6848 539
5 1699
5991 1710
6357 9094
3022 567
9202 3075
2210 1135
1958 9413
6660 1736
3908 4964
3020 6814
6937 6037
6330 6587
8897 2605
5725 1238
8302 6446
2292 9768
2035 7348
6202 4920
5012 496
1469 4647
8344 9826
3153 7466
431 6717
3638 3773
3657 721
1732 7661
7832 9200
784 4143
431 5732
9720 4792
2764 2917
4012 764
734 3838
1903 5943
8555 7836
4940 4485
3958 478
831 6480
3740 4676
977 2570
9292 9716
4605 3460
2713 7656
6419 2997
5496 2031
4871 4187
3388 2079
3756 5948
3018 6803
677 4634
8146 7129
2118 8483
5978 1111
6359 4978
6883 6699
2267 855
4087 8941
4119 1952
3416 3628
51 5462
7008 7412
4459 254
9069 5184
2740 1893
6216 9109
